0 0 0 0 0 0 0 0 0 241 241 239 239 241 241 239 239 239 239 239 239 241 241 241 0 0 0 0 0 0 0 0
0 0 0 0 0 239 241 241 239 241 241 239 239 246 246 239 246 239 179 241 241 241 246 239 239 241 241 0 0 0 0 0
0 0 0 0 241 239 179 241 241 239 239 236 236 239 239 239 239 239 239 179 179 179 239 239 241 241 241 241 0 0 0 0
0 0 0 241 241 239 239 179 239 241 241 236 246 246 239 179 222 179 236 222 222 246 239 246 246 239 239 239 0 0 0 0
0 0 241 239 239 241 241 239 239 241 179 236 222 235 240 235 240 235 235 235 235 239 236 239 236 236 241 241 241 0 0 0
0 241 239 241 241 246 246 239 101 179 179 235 240 236 235 235 236 235 235 236 240 235 246 246 236 179 179 241 241 239 0 0
0 239 239 179 246 179 179 239 239 235 235 236 236 236 235 236 236 236 235 236 236 235 240 246 239 179 222 236 239 241 241 0
0 246 239 179 179 179 179 246 246 236 235 236 236 236 234 235 236 235 235 235 235 235 240 246 239 236 236 239 246 241 241 0
0 246 239 239 236 236 179 246 235 236 239 235 235 235 235 234 235 234 235 236 236 236 235 240 236 236 239 239 246 246 241 0
0 222 101 101 239 236 239 235 235 235 235 235 235 235 235 234 234 234 235 235 236 236 235 239 240 246 246 239 236 239 239 0
239 222 222 179 239 246 246 235 236 236 235 235 235 234 234 234 234 234 234 235 235 235 235 235 235 101 179 222 236 101 241 0
239 236 236 236 239 246 240 235 236 235 235 235 234 234 234 234 234 234 234 234 235 235 235 239 240 235 239 239 239 179 241 241
241 239 239 101 236 235 239 235 236 235 235 234 234 234 234 234 234 234 234 234 234 235 235 236 236 235 246 246 179 239 101 241
101 221 239 101 246 235 235 235 236 235 234 234 234 233 233 233 233 233 233 234 234 234 235 236 236 236 240 179 179 179 239 239
222 202 202 101 101 240 239 239 236 235 234 234 233 233 233 233 233 233 233 233 234 234 235 235 236 236 240 222 222 202 179 179
143 208 208 202 239 235 239 239 236 235 234 234 233 233 233 233 233 233 233 233 233 234 235 235 236 235 235 236 239 208 202 179
101 202 221 208 179 240 236 236 236 235 234 234 233 233 0 0 0 0 0 233 234 234 235 235 239 239 235 222 208 221 202 179
239 94 94 94 239 240 239 239 236 235 234 234 233 233 0 0 0 0 0 233 234 234 235 235 239 239 235 246 94 94 94 179
239 239 94 94 179 240 235 236 236 235 234 234 233 233 0 0 0 0 0 233 234 234 235 235 236 235 235 246 94 94 239 239
241 101 94 94 246 235 235 239 236 235 234 234 233 233 0 0 0 0 0 233 234 234 235 236 236 239 235 246 94 94 222 222
239 246 246 94 236 240 239 239 236 235 234 234 233 233 0 0 0 0 0 0 0 234 235 235 239 239 235 246 94 239 241 241
239 239 246 236 239 235 239 235 236 235 234 234 233 0 0 0 0 0 0 0 0 234 235 236 239 235 235 236 236 241 241 246
222 222 239 239 246 240 235 239 236 235 234 234 0 0 0 0 0 0 0 0 0 234 235 236 235 239 240 179 222 239 246 246
246 222 239 246 246 240 239 239 236 235 234 234 0 0 0 0 0 0 0 0 0 234 235 236 239 239 240 179 179 239 239 239
241 246 239 239 246 240 235 235 236 235 234 0 0 0 0 0 0 0 0 0 0 234 235 236 239 239 240 246 241 241 239 246
241 239 239 239 239 235 239 239 236 0 0 0 0 0 0 0 0 0 0 0 0 0 0 0 235 235 240 246 241 241 239 246
241 239 222 222 101 240 239 239 0 0 0 0 0 0 0 0 0 0 0 0 0 0 0 0 0 239 235 246 241 241 239 239
239 239 101 246 246 246 239 0 0 0 0 0 0 0 0 0 0 0 0 0 0 0 0 0 0 0 235 241 241 239 239 241
246 239 246 246 246 246 0 0 0 0 0 0 0 0 0 0 0 0 0 0 0 0 0 0 0 0 246 246 246 246 239 241
0 246 239 239 246 246 0 0 0 0 0 0 0 0 0 0 0 0 0 0 0 0 0 0 0 0 0 246 246 246 239 246
0 0 0 0 0 0 0 0 0 0 0 0 0 0 0 0 0 0 0 0 0 0 0 0 0 0 0 0 0 0 0 0
0 0 0 0 0 0 0 0 0 0 0 0 0 0 0 0 0 0 0 0 0 0 0 0 0 0 0 0 0 0 0 0
