0 0 0 0 0 0 0 0 0 0 0 0 0 0 0 0
0 0 0 0 29 29 94 94 94 94 94 94 0 0 0 0
0 0 94 94 187 187 29 187 187 187 187 187 94 35 0 0
0 94 137 187 187 29 187 187 187 187 187 187 35 35 94 0
0 94 137 187 187 23 29 187 187 187 187 187 187 137 94 0
0 94 137 187 187 23 23 29 187 187 187 187 187 137 94 0
0 94 137 187 187 187 187 187 29 187 187 187 187 137 94 0
0 94 137 187 187 187 187 187 23 29 187 187 187 137 94 0
0 94 137 187 187 187 187 35 187 187 23 29 187 137 94 0
0 94 137 187 187 187 187 35 187 187 187 23 29 137 94 0
0 94 137 187 187 187 35 23 187 187 187 187 23 29 29 0
0 94 137 187 187 187 35 23 187 187 187 187 23 137 29 0
0 94 137 29 187 29 23 187 187 187 187 23 187 137 94 0
0 94 29 23 187 187 187 187 187 187 187 23 187 137 94 0
0 94 29 187 187 187 187 187 187 187 23 187 187 137 94 0
0 29 23 137 187 187 187 187 187 187 23 187 137 137 94 0
0 29 23 137 187 187 187 187 187 187 187 23 137 137 94 0
0 94 137 137 137 137 137 137 137 137 137 23 137 137 94 0
0 94 23 137 137 94 94 94 94 94 94 23 137 94 94 0
0 0 23 94 94 0 0 0 0 0 0 94 23 94 0 0
