0 0 0 0 50 50 50 50 50 50 50 50 0 0 0 0
0 0 50 50 29 29 94 94 94 94 94 94 50 50 0 0
0 50 94 94 187 187 29 187 187 187 187 187 94 35 50 0
50 94 137 187 187 29 187 187 187 187 187 187 35 35 94 50
50 94 137 187 187 23 29 187 187 187 187 187 187 137 94 50
50 94 137 187 187 23 23 29 187 187 187 187 187 137 94 50
50 94 137 187 187 187 187 187 29 187 187 187 187 137 94 50
50 94 137 187 187 187 187 187 23 29 187 187 187 137 94 50
50 94 137 187 187 187 187 35 187 187 23 29 187 137 94 50
50 94 137 187 187 187 187 35 187 187 187 23 29 137 94 50
50 94 137 187 187 187 35 23 187 187 187 187 23 29 29 50
50 94 137 187 187 187 35 23 187 187 187 187 23 137 29 50
50 94 137 29 187 29 23 187 187 187 187 23 187 137 94 50
50 94 29 23 187 187 187 187 187 187 187 23 187 137 94 50
50 94 29 187 187 187 187 187 187 187 23 187 187 137 94 50
50 29 23 137 187 187 187 187 187 187 23 187 137 137 94 50
50 29 23 137 187 187 187 187 187 187 187 23 137 137 94 50
50 94 137 137 137 137 137 137 137 137 137 23 137 137 94 50
50 94 23 137 137 94 94 94 94 94 94 23 137 94 94 50
0 50 23 94 94 50 50 50 50 50 50 94 23 94 50 0
