0 0 0 0 0 0 0 0 0 0 0 0 0 0 0 0 0 0 0 0 0 0 0 0 0 0 0 0 0 0 0 0
0 0 0 0 0 0 0 0 0 0 0 0 0 0 0 0 0 0 0 0 0 0 0 0 0 0 0 0 0 0 0 0
0 0 0 0 0 0 0 0 0 0 0 0 0 0 0 0 0 0 0 0 0 0 0 0 0 0 0 0 0 0 0 0
0 0 0 0 0 0 0 0 0 0 0 0 0 0 0 0 0 0 0 0 0 0 0 0 0 0 0 0 0 0 0 0
0 0 0 0 0 0 0 0 0 0 0 0 0 0 0 0 0 0 0 0 0 0 0 0 0 0 0 0 0 0 0 0
0 0 0 0 0 0 0 0 0 0 0 0 0 0 0 0 0 0 0 0 0 0 0 0 0 0 0 0 0 0 0 0
0 0 0 0 0 0 0 0 0 0 0 0 0 0 0 0 0 0 0 0 0 0 0 0 0 0 0 0 0 0 0 0
0 0 0 0 0 0 0 0 0 0 0 0 0 0 0 0 0 0 0 0 0 0 0 0 0 0 0 0 0 0 0 0
0 0 0 0 0 0 0 0 0 0 0 0 0 0 0 0 0 0 0 0 0 0 0 0 0 0 0 0 0 0 0 0
0 0 0 0 0 0 0 0 0 0 0 0 0 0 0 0 0 0 0 0 0 0 0 0 0 0 0 0 0 0 0 0
0 0 0 0 0 0 0 0 0 0 0 0 0 0 0 0 0 0 0 0 0 0 0 0 0 0 0 0 0 0 0 0
0 0 0 0 0 0 0 0 0 0 154 192 192 154 106 106 106 106 106 106 106 106 64 0 0 0 0 0 0 0 0 0
0 0 0 0 0 0 0 0 0 0 106 58 58 58 58 58 154 154 154 154 58 106 154 64 64 0 0 0 0 0 0 0
0 0 0 0 0 0 0 0 0 64 106 64 64 58 58 58 58 58 154 154 154 106 154 154 64 154 0 0 0 0 0 0
0 0 0 0 0 0 0 0 0 64 106 58 64 64 64 58 58 58 58 58 154 58 106 154 58 64 64 154 0 0 0 0
0 0 0 0 0 0 0 0 0 154 106 58 58 58 64 64 64 58 58 58 155 155 106 154 58 58 64 154 0 0 0 0
0 0 0 0 0 0 0 0 0 154 106 58 58 58 58 58 64 64 64 64 64 155 106 154 64 64 64 64 0 0 0 0
0 0 0 0 0 0 0 0 192 154 106 154 58 58 58 58 58 58 58 64 58 58 106 154 58 58 58 64 0 0 0 0
0 0 0 0 0 0 0 0 154 154 106 192 58 58 58 154 58 58 58 64 58 58 106 154 154 58 58 64 0 0 0 0
0 0 0 0 0 0 0 0 0 0 106 192 155 58 58 154 154 58 58 64 58 58 106 154 154 58 58 64 0 0 0 0
0 0 0 0 0 0 0 0 0 0 154 192 192 155 58 58 154 154 64 64 58 58 58 154 154 58 58 64 0 0 0 0
0 0 0 0 0 0 0 0 0 0 154 155 192 155 154 64 64 154 154 154 58 58 58 106 58 58 58 64 0 0 0 0
0 0 0 0 0 0 0 0 0 22 106 154 154 154 154 154 58 58 58 64 64 64 64 106 64 64 64 64 0 0 0 0
0 0 0 0 0 0 0 22 22 22 106 64 154 154 154 154 154 154 154 154 154 154 64 106 64 64 64 22 22 22 0 0
0 0 0 0 0 0 22 22 22 22 64 64 106 106 106 106 106 106 106 106 106 106 106 64 64 22 22 22 22 22 22 0
0 0 0 0 0 0 22 22 22 22 22 22 22 22 22 22 22 22 22 22 22 22 22 22 22 22 22 22 22 22 22 0
0 0 0 0 0 0 0 22 22 22 22 22 22 22 22 22 22 22 22 22 22 22 22 22 22 22 22 22 22 0 0 0
0 0 0 0 0 0 0 0 0 22 22 22 22 22 22 22 22 22 22 22 22 22 22 22 22 22 22 0 0 0 0 0
0 0 0 0 0 0 0 0 0 0 0 0 0 0 0 22 22 22 22 22 22 0 0 0 0 0 0 0 0 0 0 0
0 0 0 0 0 0 0 0 0 0 0 0 0 0 0 0 0 0 0 0 0 0 0 0 0 0 0 0 0 0 0 0
0 0 0 0 0 0 0 0 0 0 0 0 0 0 0 0 0 0 0 0 0 0 0 0 0 0 0 0 0 0 0 0
0 0 0 0 0 0 0 0 0 0 0 0 0 0 0 0 0 0 0 0 0 0 0 0 0 0 0 0 0 0 0 0
